0.000000000000000000e+00 9.573904610499491818e-01 2.000000000000000111e-01
1.282282715750935886e-01 7.853240961668541686e-01 2.000000000000000111e-01
2.564565431501871773e-01 1.543507658956238426e+00 2.000000000000000111e-01
3.846848147252807659e-01 1.817617383982427670e+00 2.000000000000000111e-01
5.129130863003743546e-01 2.067700528354853962e+00 2.000000000000000111e-01
6.411413578754678877e-01 2.142871702520936061e+00 2.000000000000000111e-01
7.693696294505615318e-01 2.094632414254454122e+00 2.000000000000000111e-01
8.975979010256551760e-01 2.270041403053406626e+00 2.000000000000000111e-01
1.025826172600748709e+00 2.467252833334645512e+00 2.000000000000000111e-01
1.154054444175842242e+00 2.496696021942289789e+00 2.000000000000000111e-01
1.282282715750935775e+00 2.382028288798482052e+00 2.000000000000000111e-01
1.410510987326029531e+00 2.662478786331503144e+00 2.000000000000000111e-01
1.538739258901123064e+00 2.835055572097190613e+00 2.000000000000000111e-01
1.666967530476216597e+00 2.486178326259623095e+00 2.000000000000000111e-01
1.795195802051310352e+00 2.455236161769328351e+00 2.000000000000000111e-01
1.923424073626403885e+00 2.130012709477935751e+00 2.000000000000000111e-01
2.051652345201497418e+00 2.442966815442571438e+00 2.000000000000000111e-01
2.179880616776590951e+00 1.856076844604084730e+00 2.000000000000000111e-01
2.308108888351684485e+00 1.902439229597439052e+00 2.000000000000000111e-01
2.436337159926778018e+00 1.578742802711006421e+00 2.000000000000000111e-01
2.564565431501871551e+00 9.200935956533948801e-01 2.000000000000000111e-01
2.692793703076965528e+00 5.727182249829512184e-01 2.000000000000000111e-01
2.821021974652059061e+00 9.418873792376781795e-01 2.000000000000000111e-01
2.949250246227152594e+00 7.091412439449857885e-01 2.000000000000000111e-01
3.077478517802246127e+00 3.449326427479146306e-02 2.000000000000000111e-01
3.205706789377339661e+00 -5.433678409063998765e-03 2.000000000000000111e-01
3.333935060952433194e+00 -4.000646249282102662e-01 2.000000000000000111e-01
3.462163332527526727e+00 -6.891387785838629654e-01 2.000000000000000111e-01
3.590391604102620704e+00 -4.699037366273083327e-01 2.000000000000000111e-01
3.718619875677714237e+00 -1.047214082053891104e+00 2.000000000000000111e-01
3.846848147252807770e+00 -1.058859369362324498e+00 2.000000000000000111e-01
3.975076418827901303e+00 -1.508917592531087370e+00 2.000000000000000111e-01
4.103304690402994837e+00 -1.382575336268814459e+00 2.000000000000000111e-01
4.231532961978088814e+00 -1.713710891634212752e+00 2.000000000000000111e-01
4.359761233553181903e+00 -1.218664053516848922e+00 2.000000000000000111e-01
4.487989505128275880e+00 -1.409201237711130039e+00 2.000000000000000111e-01
4.616217776703368969e+00 -1.442053437477989197e+00 2.000000000000000111e-01
4.744446048278462946e+00 -1.353073495906609747e+00 2.000000000000000111e-01
4.872674319853556035e+00 -1.159908946095900673e+00 2.000000000000000111e-01
5.000902591428650013e+00 -1.388261816364925849e+00 2.000000000000000111e-01
5.129130863003743102e+00 -1.097955348913893125e+00 2.000000000000000111e-01
5.257359134578837079e+00 -7.644606126029360738e-01 2.000000000000000111e-01
5.385587406153931056e+00 -7.405960897173086144e-01 2.000000000000000111e-01
5.513815677729024145e+00 -6.599096681509786233e-01 2.000000000000000111e-01
5.642043949304118122e+00 7.921865639451863839e-02 2.000000000000000111e-01
5.770272220879211211e+00 -2.558109256691615263e-01 2.000000000000000111e-01
5.898500492454305189e+00 2.864998718311617676e-02 2.000000000000000111e-01
6.026728764029398278e+00 4.420078543963406603e-01 2.000000000000000111e-01
6.154957035604492255e+00 1.037835188616373916e+00 2.000000000000000111e-01
6.283185307179586232e+00 9.653289330599408302e-01 2.000000000000000111e-01
